-0.614036 -0.444429 -0.36819 -0.313667 -0.282771 -0.270916 -0.273094 -0.285028 -0.303263 -0.325045 -0.348183 -0.37093 -0.391896 -0.409982 -0.424326 -0.434273 -0.439343 -0.439213 -0.433702 -0.422754 -0.406436 -0.384918 -0.358473 -0.327463 -0.292333 -0.253602 -0.211851 -0.167719 -0.121893 -0.0750957 -0.0280815 0.0183715 0.0634665 0.106391 0.146315 0.182387 0.21372 0.239368 0.258293 0.269309 0.270991 0.261552 0.238635 0.198982 0.137874 0.0480715 -0.0824696 -0.276621 -0.589533 -1.22385 
-1.42246 -1.07963 -0.857188 -0.695029 -0.582593 -0.508443 -0.462726 -0.437566 -0.42682 -0.425738 -0.430653 -0.438728 -0.447774 -0.456107 -0.46244 -0.46581 -0.465514 -0.461072 -0.452185 -0.438719 -0.420674 -0.398177 -0.371461 -0.340854 -0.30677 -0.269698 -0.230191 -0.18886 -0.146362 -0.103401 -0.060715 -0.0190811 0.0206873 0.0577326 0.0911404 0.119917 0.142956 0.15898 0.166467 0.163531 0.147747 0.115893 0.0635549 -0.0155009 -0.130378 -0.294941 -0.531631 -0.880312 -1.4224 -2.35132 
-2.25471 -1.68742 -1.31563 -1.04572 -0.8528 -0.717572 -0.625096 -0.5639 -0.525227 -0.502404 -0.490337 -0.485139 -0.483841 -0.484182 -0.484445 -0.483349 -0.47995 -0.473582 -0.463805 -0.450368 -0.433177 -0.412273 -0.387814 -0.36006 -0.329356 -0.296127 -0.260863 -0.224115 -0.186487 -0.148635 -0.111262 -0.0751239 -0.0410373 -0.00989266 0.0173197 0.0394722 0.0552437 0.0630367 0.0608575 0.0461434 0.0155092 -0.035625 -0.113595 -0.227365 -0.389936 -0.620771 -0.950271 -1.42871 -2.14475 -3.25607 
-3.0371 -2.25729 -1.74575 -1.37415 -1.10543 -0.912857 -0.776591 -0.681724 -0.617023 -0.573993 -0.546205 -0.528779 -0.518012 -0.511095 -0.505909 -0.500865 -0.494791 -0.486845 -0.476448 -0.463236 -0.447024 -0.42777 -0.405561 -0.380587 -0.353129 -0.323549 -0.292279 -0.259813 -0.226704 -0.193565 -0.161064 -0.129941 -0.101015 -0.0752087 -0.0535843 -0.0373954 -0.0281628 -0.0277829 -0.0386841 -0.064049 -0.108137 -0.17675 -0.277931 -0.423009 -0.628248 -0.91751 -1.32674 -1.91164 -2.75967 -3.99984 
-3.74048 -2.77512 -2.13905 -1.67525 -1.33742 -1.09252 -0.916294 -0.79072 -0.702297 -0.640872 -0.598787 -0.570256 -0.5509 -0.537412 -0.527298 -0.518688 -0.5102 -0.500829 -0.489869 -0.476854 -0.461511 -0.443728 -0.423522 -0.401023 -0.376453 -0.350119 -0.322399 -0.293736 -0.26464 -0.235682 -0.207505 -0.18083 -0.156481 -0.13541 -0.118746 -0.107855 -0.104437 -0.110655 -0.129324 -0.164174 -0.220227 -0.304344 -0.426012 -0.598516 -0.840698 -1.17966 -1.65488 -2.32437 -3.27194 -4.6089 
-4.35178 -3.23046 -2.48764 -1.94329 -1.54456 -1.25332 -1.04165 -0.888799 -0.779297 -0.701521 -0.646728 -0.608327 -0.58134 -0.562014 -0.547522 -0.535746 -0.525113 -0.514475 -0.503012 -0.490166 -0.475589 -0.459101 -0.440662 -0.420346 -0.398324 -0.374852 -0.350262 -0.324952 -0.299391 -0.274116 -0.249742 -0.226978 -0.206648 -0.189731 -0.177408 -0.171146 -0.172795 -0.184749 -0.210148 -0.253184 -0.31952 -0.416883 -0.555928 -0.751463 -1.02425 -1.40358 -1.93098 -2.66498 -3.68576 -5.09492 
-4.86432 -3.6161 -2.78532 -2.17343 -1.72304 -1.39226 -1.1502 -0.973918 -0.846262 -0.754383 -0.688616 -0.641682 -0.608094 -0.583716 -0.565435 -0.550922 -0.538439 -0.526714 -0.51483 -0.50215 -0.48826 -0.472923 -0.456047 -0.437658 -0.417882 -0.396931 -0.375094 -0.352731 -0.330272 -0.308224 -0.287177 -0.267823 -0.250987 -0.237664 -0.229079 -0.226774 -0.232725 -0.249505 -0.280519 -0.330328 -0.405093 -0.513215 -0.666224 -0.88003 -1.17668 -1.58682 -2.15288 -2.93298 -4.00429 -5.46329 
-5.27426 -3.92715 -3.0275 -2.3618 -1.86975 -1.5068 -1.23986 -1.04429 -0.901645 -0.79808 -0.723192 -0.66915 -0.630052 -0.601453 -0.580008 -0.563212 -0.549197 -0.536587 -0.524386 -0.511893 -0.498637 -0.484334 -0.468848 -0.452164 -0.434368 -0.415635 -0.396216 -0.376434 -0.356687 -0.337451 -0.319291 -0.302884 -0.289046 -0.278781 -0.273343 -0.274328 -0.283798 -0.304464 -0.339922 -0.394998 -0.476216 -0.592444 -0.755802 -0.982894 -1.29651 -1.72789 -2.31959 -3.12873 -4.22997 -5.71689 
-5.5793 -4.16047 -3.21097 -2.50554 -1.98226 -1.5949 -1.30891 -1.09846 -0.944152 -0.831446 -0.749386 -0.689728 -0.64626 -0.614305 -0.590346 -0.571744 -0.556532 -0.543258 -0.530863 -0.518595 -0.505942 -0.492581 -0.47834 -0.463169 -0.447121 -0.430338 -0.413036 -0.395507 -0.378119 -0.361316 -0.345641 -0.331748 -0.320441 -0.312723 -0.309857 -0.313468 -0.325673 -0.349263 -0.387953 -0.446736 -0.532348 -0.653929 -0.823908 -1.05921 -1.38287 -1.82612 -2.43097 -3.25315 -4.36499 -5.85786 
-5.77832 -4.3143 -3.33371 -2.60273 -2.05886 -1.65507 -1.35605 -1.13526 -0.97276 -0.853548 -0.766327 -0.702591 -0.655926 -0.621506 -0.5957 -0.575783 -0.559724 -0.546018 -0.533566 -0.52158 -0.509518 -0.497028 -0.48391 -0.470087 -0.455583 -0.440511 -0.425059 -0.409489 -0.394139 -0.379425 -0.365862 -0.354081 -0.344867 -0.339205 -0.338354 -0.343941 -0.358098 -0.383643 -0.42434 -0.485239 -0.573152 -0.697292 -0.870138 -1.10859 -1.43547 -1.8815 -2.4876 -3.30771 -4.41167 -5.8885 
-5.87134 -4.38808 -3.39479 -2.65231 -2.0985 -1.68636 -1.3804 -1.15391 -0.986726 -0.863688 -0.773353 -0.707099 -0.658427 -0.622444 -0.595467 -0.574736 -0.558187 -0.544291 -0.531929 -0.520295 -0.508827 -0.497154 -0.485057 -0.472439 -0.4593 -0.445728 -0.431887 -0.418011 -0.404408 -0.391468 -0.379676 -0.369634 -0.362098 -0.358028 -0.358656 -0.365584 -0.380922 -0.407463 -0.448943 -0.510371 -0.598496 -0.722419 -0.894424 -1.13106 -1.45457 -1.89466 -2.49073 -3.29444 -4.37279 -5.8118 
-5.85949 -4.38234 -3.39424 -2.65404 -2.10082 -1.68831 -1.38151 -1.15393 -0.985591 -0.861411 -0.770008 -0.702799 -0.65331 -0.616665 -0.589195 -0.568149 -0.551469 -0.537631 -0.525513 -0.514308 -0.503449 -0.492555 -0.481396 -0.469858 -0.457926 -0.445668 -0.433222 -0.420801 -0.408683 -0.39723 -0.386895 -0.378245 -0.372001 -0.369082 -0.370676 -0.378335 -0.394105 -0.420705 -0.461768 -0.522168 -0.608458 -0.729456 -0.897021 -1.12707 -1.44089 -1.86679 -2.44216 -3.21595 -4.25173 -5.63164 
-5.74513 -4.29867 -3.33304 -2.60845 -2.06605 -1.66101 -1.35932 -1.13521 -0.96918 -0.846503 -0.756053 -0.689428 -0.640294 -0.603875 -0.576579 -0.555711 -0.539257 -0.525722 -0.514006 -0.503314 -0.493087 -0.482944 -0.472652 -0.462088 -0.451224 -0.440112 -0.428871 -0.417688 -0.406818 -0.39659 -0.387423 -0.379846 -0.374534 -0.372353 -0.374429 -0.382235 -0.39772 -0.423475 -0.462967 -0.520839 -0.603326 -0.718803 -0.878498 -1.09743 -1.39561 -1.79958 -2.34429 -3.07545 -4.05259 -5.35295 
-5.53179 -4.1397 -3.21302 -2.51682 -1.99506 -1.60502 -1.3142 -1.09796 -0.937596 -0.818991 -0.731452 -0.666908 -0.619266 -0.583935 -0.557461 -0.537252 -0.52137 -0.508379 -0.497221 -0.487129 -0.477562 -0.468152 -0.458667 -0.448983 -0.439065 -0.428949 -0.41874 -0.408603 -0.398765 -0.389524 -0.381262 -0.374464 -0.36975 -0.367924 -0.370027 -0.377431 -0.391954 -0.416011 -0.452836 -0.50676 -0.583588 -0.691102 -0.839712 -1.04331 -1.32034 -1.69522 -2.20004 -2.87679 -3.78025 -4.98177 
-5.22425 -3.909 -3.03686 -2.38109 -1.88927 -1.52136 -1.24689 -1.0427 -0.891216 -0.779133 -0.696379 -0.635344 -0.590282 -0.556863 -0.531829 -0.512737 -0.49776 -0.485545 -0.475095 -0.465688 -0.456813 -0.448122 -0.439394 -0.430508 -0.421425 -0.412173 -0.402841 -0.393574 -0.384573 -0.376104 -0.368507 -0.362219 -0.3578 -0.355973 -0.357684 -0.36418 -0.37711 -0.398675 -0.431817 -0.480475 -0.549924 -0.647223 -0.781797 -0.966191 -1.21704 -1.55631 -2.01285 -2.62444 -3.44041 -4.52522 
-4.82847 -3.61112 -2.80798 -2.20386 -1.75062 -1.4115 -1.15849 -0.970276 -0.830672 -0.72741 -0.651199 -0.595016 -0.553556 -0.522823 -0.499811 -0.482265 -0.468506 -0.457284 -0.447684 -0.439043 -0.430891 -0.42291 -0.414894 -0.406732 -0.398386 -0.389878 -0.381283 -0.372729 -0.364389 -0.356496 -0.349349 -0.343329 -0.338926 -0.336778 -0.337716 -0.342839 -0.353604 -0.371954 -0.400488 -0.442684 -0.503198 -0.58825 -0.706132 -0.867866 -1.08804 -1.38588 -1.78665 -2.32344 -3.03949 -3.99148 
-4.35157 -3.25147 -2.53056 -1.9883 -1.58155 -1.27731 -1.05044 -0.881805 -0.756842 -0.664517 -0.596468 -0.546373 -0.509457 -0.482122 -0.461667 -0.446065 -0.433808 -0.42378 -0.415161 -0.407359 -0.399959 -0.392677 -0.385332 -0.377828 -0.370129 -0.362256 -0.354273 -0.346289 -0.338452 -0.330962 -0.324069 -0.318099 -0.313466 -0.310708 -0.310533 -0.31387 -0.321959 -0.336451 -0.359556 -0.394233 -0.44444 -0.515459 -0.614328 -0.750381 -0.935962 -1.18733 -1.52582 -1.97939 -2.58467 -3.38968 
-3.80171 -2.8363 -2.20941 -1.73816 -1.38494 -1.12103 -0.924505 -0.77867 -0.670828 -0.591343 -0.532915 -0.490021 -0.458496 -0.435202 -0.417785 -0.404482 -0.393985 -0.385327 -0.377803 -0.370906 -0.364279 -0.357685 -0.350974 -0.344064 -0.336931 -0.329594 -0.322108 -0.314566 -0.307091 -0.299846 -0.293036 -0.286923 -0.281841 -0.278223 -0.276636 -0.277829 -0.282799 -0.292878 -0.309849 -0.336101 -0.374831 -0.430303 -0.508192 -0.616019 -0.763717 -0.964358 -1.2351 -1.59841 -2.08376 -2.72983 
-3.18802 -2.37258 -1.84996 -1.45763 -1.16408 -0.945234 -0.782706 -0.662491 -0.573937 -0.508958 -0.461426 -0.426711 -0.401321 -0.382629 -0.368669 -0.357974 -0.349459 -0.342324 -0.335991 -0.330049 -0.324213 -0.318292 -0.312174 -0.3058 -0.299155 -0.292262 -0.28517 -0.277954 -0.270715 -0.263577 -0.256698 -0.250275 -0.244556 -0.239862 -0.236611 -0.235358 -0.23684 -0.242046 -0.252301 -0.269387 -0.295687 -0.334382 -0.389704 -0.467259 -0.574441 -0.72097 -0.919591 -1.18701 -1.54511 -2.02269 
-2.5205 -1.86792 -1.45813 -1.15135 -0.922603 -0.752787 -0.627323 -0.535097 -0.467658 -0.41859 -0.383034 -0.357323 -0.338695 -0.325079 -0.314931 -0.307103 -0.300752 -0.295263 -0.290198 -0.285248 -0.280206 -0.27494 -0.269374 -0.263476 -0.257247 -0.250714 -0.243919 -0.236926 -0.229809 -0.222657 -0.215578 -0.208702 -0.202188 -0.19624 -0.191121 -0.187179 -0.18488 -0.184852 -0.187942 -0.195291 -0.208434 -0.229422 -0.260988 -0.306747 -0.37146 -0.461376 -0.584672 -0.752051 -0.977542 -1.2796 
-1.80984 -1.3305 -1.04029 -0.824306 -0.664424 -0.546794 -0.460839 -0.398496 -0.353636 -0.321607 -0.298895 -0.282852 -0.271491 -0.263332 -0.257276 -0.252519 -0.248474 -0.244724 -0.240978 -0.23704 -0.232787 -0.228146 -0.223087 -0.217607 -0.211724 -0.205469 -0.198886 -0.19202 -0.184925 -0.177654 -0.170264 -0.162816 -0.15538 -0.148038 -0.140893 -0.134081 -0.127788 -0.122269 -0.117877 -0.115097 -0.114591 -0.117253 -0.124279 -0.137251 -0.158243 -0.189958 -0.23591 -0.300667 -0.390197 -0.512353 
-1.0673 -0.768873 -0.603144 -0.481751 -0.393694 -0.330555 -0.285904 -0.254841 -0.233643 -0.219493 -0.210272 -0.204391 -0.200673 -0.198251 -0.196494 -0.194951 -0.19331 -0.191357 -0.188957 -0.186033 -0.182549 -0.178498 -0.173896 -0.168772 -0.163164 -0.157113 -0.150657 -0.143835 -0.136673 -0.129192 -0.121398 -0.113285 -0.104829 -0.0959899 -0.0867097 -0.0769094 -0.0664895 -0.0553276 -0.0432755 -0.0301541 -0.0157444 0.000227311 0.0181128 0.0383773 0.0616502 0.088794 0.120993 0.159863 0.207572 0.266982 
-0.304548 -0.191941 -0.153635 -0.129148 -0.114733 -0.107517 -0.105296 -0.106397 -0.109555 -0.113824 -0.118511 -0.123113 -0.127279 -0.130772 -0.13344 -0.135198 -0.13601 -0.135877 -0.134824 -0.132895 -0.130145 -0.126637 -0.122435 -0.117603 -0.1122 -0.106277 -0.0998731 -0.0930149 -0.0857094 -0.0779416 -0.0696694 -0.0608183 -0.0512739 -0.0408741 -0.0293982 -0.0165527 -0.00195348 0.0148986 0.034651 0.0581442 0.0864736 0.121073 0.16383 0.21724 0.284612 0.370347 0.48029 0.622198 0.806335 1.04623 
0.466503 0.391243 0.301146 0.227925 0.168035 0.118784 0.078125 0.0444929 0.016683 -0.00624259 -0.0250234 -0.040251 -0.0524064 -0.0618868 -0.0690256 -0.074107 -0.0773765 -0.0790489 -0.0793134 -0.0783382 -0.0762725 -0.0732486 -0.0693824 -0.0647732 -0.059503 -0.0536346 -0.0472095 -0.0402443 -0.0327263 -0.024608 -0.0157999 -0.00616144 0.00451125 0.0165001 0.0301853 0.0460714 0.0648224 0.0873075 0.114664 0.148381 0.190412 0.243325 0.310508 0.396439 0.507047 0.650186 0.836262 1.07904 1.39672 1.81328 
1.23389 0.971579 0.754071 0.583851 0.450151 0.34477 0.261459 0.195446 0.143082 0.101567 0.0687376 0.0429204 0.0228077 0.00737169 -0.00420254 -0.0125667 -0.0182472 -0.0216732 -0.0231977 -0.0231135 -0.0216644 -0.0190536 -0.0154491 -0.0109874 -0.00577473 0.000112636 0.00663036 0.0137692 0.02156 0.0300808 0.0394665 0.0499212 0.0617349 0.0753054 0.0911674 0.11003 0.132827 0.160787 0.19552 0.239139 0.294424 0.365036 0.455806 0.573118 0.725417 0.923882 1.1833 1.52325 1.96954 2.55627 
1.98575 1.54006 1.19808 0.933056 0.727179 0.566878 0.441807 0.344073 0.267644 0.207902 0.1613 0.125105 0.0972019 0.0759469 0.0600537 0.0485101 0.0405138 0.0354246 0.0327278 0.0320075 0.0329258 0.0352087 0.0386356 0.0430321 0.0482667 0.0542486 0.0609289 0.0683041 0.0764211 0.0853863 0.0953768 0.106657 0.119598 0.13471 0.152672 0.174389 0.201053 0.234232 0.275985 0.329018 0.396893 0.484303 0.597444 0.7445 0.936296 1.18715 1.51601 1.94792 2.51595 3.26378 
2.71053 2.08789 1.62628 1.2701 0.99478 0.781611 0.616319 0.488016 0.388388 0.311072 0.251193 0.205003 0.169609 0.142774 0.122758 0.1082 0.0980319 0.0914083 0.0876576 0.0862433 0.0867356 0.0887905 0.0921351 0.0965571 0.101899 0.108053 0.114967 0.122638 0.131129 0.140572 0.151181 0.163278 0.17731 0.193889 0.213834 0.23823 0.268511 0.306561 0.354858 0.41666 0.496255 0.599294 0.733236 0.907935 1.13642 1.43593 1.82924 2.34652 3.02756 3.92495 
3.3971 2.60666 2.03206 1.58974 1.24877 0.985591 0.78223 0.62498 0.503377 0.409418 0.336972 0.281332 0.238873 0.206796 0.182929 0.165584 0.153435 0.145444 0.140788 0.138815 0.139006 0.140948 0.144319 0.148866 0.154406 0.160816 0.168034 0.176061 0.18497 0.194915 0.206146 0.219035 0.234099 0.252043 0.273814 0.300663 0.334245 0.376733 0.430988 0.500769 0.591024 0.708274 0.861123 1.06094 1.32274 1.6664 2.11822 2.71296 3.49656 4.52971 
4.03499 3.08841 2.40917 1.88703 1.48519 1.17561 0.936904 0.752769 0.610754 0.501339 0.417234 0.352844 0.303866 0.266977 0.239608 0.219758 0.205868 0.196714 0.191332 0.18896 0.188994 0.190956 0.194473 0.199256 0.205095 0.211848 0.219445 0.227887 0.237255 0.247722 0.259568 0.273209 0.289225 0.308407 0.331811 0.360842 0.397349 0.443766 0.503291 0.58013 0.679815 0.809634 0.979201 1.20121 1.49245 1.87512 2.37858 3.0417 3.91584 5.06888 
4.61451 3.52578 2.75182 2.15738 1.70035 1.34867 1.07787 0.869316 0.708759 0.585313 0.490641 0.418345 0.363504 0.322323 0.291866 0.269852 0.254503 0.244427 0.238528 0.235941 0.235984 0.238116 0.241915 0.247056 0.253302 0.260494 0.268549 0.277467 0.287334 0.298337 0.310783 0.325126 0.341998 0.362264 0.38708 0.417979 0.456983 0.506748 0.570768 0.653629 0.761364 0.901916 1.08576 1.32671 1.64306 2.05898 2.60645 3.32783 4.27911 5.53433 
5.12689 3.91216 3.05479 2.39661 1.89089 1.50202 1.20286 0.972709 0.795757 0.659919 0.555937 0.476706 0.41676 0.371886 0.338822 0.315036 0.298554 0.287832 0.281654 0.279063 0.279301 0.28177 0.286002 0.291637 0.29841 0.306143 0.314742 0.3242 0.334606 0.346159 0.359185 0.374167 0.391784 0.412963 0.43894 0.471359 0.512384 0.56486 0.63252 0.720269 0.834546 0.983829 1.17928 1.43565 1.77241 2.21533 2.79852 3.56714 4.58098 5.9191 
5.56443 4.2417 3.31347 2.60107 2.05385 1.63324 1.30984 1.06122 0.870261 0.723855 0.611964 0.526883 0.462682 0.414785 0.379653 0.354534 0.337285 0.326227 0.320039 0.317678 0.31832 0.321313 0.326145 0.332423 0.339855 0.348242 0.357477 0.367545 0.378535 0.390649 0.404229 0.419783 0.438022 0.459923 0.486788 0.520349 0.562881 0.617379 0.687765 0.779185 0.898396 1.05428 1.25852 1.52654 1.87871 2.34199 2.95206 3.75622 4.81707 6.21754 
5.92064 4.5095 3.52396 2.7676 2.18665 1.74019 1.39701 1.13333 0.930945 0.775951 0.657677 0.567929 0.500398 0.450214 0.413604 0.387637 0.370024 0.358972 0.353069 0.351199 0.352475 0.356199 0.361817 0.368904 0.377139 0.386305 0.396278 0.407033 0.418653 0.431343 0.445452 0.461502 0.480233 0.502653 0.530115 0.564413 0.607908 0.6637 0.735846 0.829662 0.95212 1.11237 1.32244 1.59819 1.96057 2.43728 3.06502 3.89245 4.98407 6.42534 
6.19029 4.71162 3.68313 2.89367 2.28721 1.82112 1.46289 1.18773 0.976667 0.815187 0.692152 0.598999 0.529131 0.477449 0.44 0.413707 0.396169 0.385497 0.380203 0.379107 0.381273 0.385954 0.392563 0.40064 0.409841 0.419923 0.430747 0.442274 0.454579 0.467862 0.482474 0.498946 0.518029 0.540755 0.568509 0.603123 0.647013 0.703341 0.776247 0.871141 0.995108 1.15743 1.3703 1.64977 2.01702 2.50006 3.13601 3.97414 5.07979 6.53968 
6.36955 4.84515 3.78864 2.97735 2.35391 1.87465 1.50627 1.22336 1.00647 0.8407 0.714601 0.619368 0.548206 0.49586 0.458247 0.432189 0.415194 0.405304 0.40097 0.40096 0.404293 0.410183 0.418007 0.427277 0.43762 0.448773 0.460574 0.47297 0.486022 0.499923 0.515016 0.531832 0.551127 0.573941 0.60167 0.636167 0.679867 0.735957 0.8086 0.903231 1.02695 1.18903 1.40164 1.68079 2.04753 2.52975 3.16438 4.00047 5.10322 6.55922 
6.45603 4.90831 3.83899 3.01737 2.38563 1.89978 1.52625 1.23941 1.01961 0.851793 0.724374 0.628427 0.557054 0.504913 0.467847 0.442611 0.42666 0.417983 0.414987 0.4164 0.421201 0.428574 0.437862 0.448547 0.460231 0.472625 0.485546 0.498921 0.512794 0.527342 0.5429 0.559987 0.579354 0.602033 0.629419 0.663357 0.706274 0.761341 0.832693 0.925715 1.04742 1.20695 1.41628 1.6911 2.05203 2.52635 3.1502 3.97161 5.05455 6.48418 
6.44884 4.90041 3.83356 3.01312 2.38179 1.89593 1.52225 1.2353 1.01553 0.847936 0.720966 0.625695 0.555218 0.504177 0.468393 0.444596 0.430214 0.423208 0.421955 0.425153 0.431753 0.440907 0.451931 0.464278 0.477522 0.491349 0.50555 0.52003 0.534811 0.550051 0.566064 0.583355 0.602655 0.62498 0.651701 0.684636 0.726175 0.779436 0.848474 0.938553 1.05651 1.21124 1.41433 1.68092 2.03088 2.49042 3.09428 3.88866 4.93523 6.31635 
6.34861 4.82195 3.77261 2.96467 2.34227 1.86288 1.494 1.21071 0.993875 0.828767 0.704012 0.610814 0.542353 0.493323 0.459576 0.437857 0.425595 0.420743 0.421665 0.42704 0.435796 0.447059 0.460119 0.4744 0.489449 0.504922 0.520585 0.536314 0.552106 0.568093 0.584566 0.602 0.621102 0.642855 0.668593 0.700086 0.739658 0.790337 0.856052 0.941887 1.05442 1.20216 1.39617 1.65081 1.98488 2.4231 2.99818 3.75369 4.74792 6.05908 
6.15752 4.67453 3.65726 2.87273 2.26751 1.80084 1.44151 1.16556 0.954504 0.794091 0.67329 0.58355 0.518225 0.472125 0.441185 0.422202 0.412632 0.410445 0.414002 0.421975 0.433274 0.447004 0.462428 0.478945 0.49607 0.513431 0.53076 0.547905 0.56483 0.581637 0.598585 0.616115 0.634896 0.655868 0.680311 0.709928 0.746953 0.794293 0.855705 0.936036 1.04152 1.18021 1.36245 1.60166 1.91527 2.32608 2.8642 3.56972 4.49651 5.71727 
5.8793 4.46093 3.48947 2.73865 2.15837 1.71034 1.36511 1.1 0.897448 0.743866 0.628713 0.54379 0.482706 0.440456 0.413102 0.397528 0.391247 0.39226 0.398942 0.409964 0.424226 0.440813 0.458966 0.478053 0.497558 0.517076 0.536304 0.555056 0.573259 0.590978 0.608433 0.626024 0.644372 0.664363 0.687209 0.714529 0.748443 0.791706 0.84787 0.921492 1.01841 1.14609 1.3141 1.53469 1.82368 2.20158 2.69532 3.34074 4.18616 5.29741 
5.51918 4.18502 3.27203 2.56436 2.01619 1.59227 1.26538 1.01439 0.822918 0.678201 0.57032 0.49153 0.435773 0.398284 0.3753 0.363824 0.361448 0.366223 0.376551 0.391108 0.408789 0.428662 0.449943 0.471971 0.494195 0.516173 0.537565 0.558142 0.577793 0.596539 0.614553 0.632187 0.650005 0.668828 0.689788 0.714402 0.744658 0.783135 0.833146 0.89892 0.985839 1.10073 1.25225 1.45138 1.71209 2.05228 2.49521 3.07163 3.82321 4.8075 
5.08392 3.85172 3.00844 2.35233 1.84267 1.44782 1.14312 0.909289 0.73128 0.597335 0.498265 0.426869 0.377492 0.345664 0.327835 0.321157 0.323326 0.332455 0.346982 0.365598 0.387193 0.410822 0.435673 0.461053 0.486376 0.511155 0.535011 0.557666 0.578965 0.598877 0.617524 0.635202 0.65241 0.669892 0.688691 0.710207 0.73628 0.769291 0.812289 0.869144 0.944741 1.04522 1.17826 1.35346 1.5828 1.88131 2.26813 2.76818 3.41527 4.25711 
4.5818 3.46698 2.70287 2.10546 1.63984 1.27841 0.999339 0.785397 0.623037 0.501624 0.412801 0.349995 0.308012 0.282728 0.270838 0.269672 0.277046 0.291152 0.31047 0.333709 0.359761 0.387661 0.416571 0.445762 0.474606 0.502573 0.529231 0.554255 0.577432 0.598681 0.618062 0.635806 0.652342 0.668329 0.684708 0.702751 0.724137 0.751035 0.786207 0.833142 0.896204 0.980808 1.09363 1.24283 1.43832 1.69211 2.01886 2.43699 2.97116 3.6574 
4.02258 3.0376 2.36002 1.82698 1.40998 1.08566 0.835206 0.64356 0.498803 0.391516 0.314265 0.261169 0.227553 0.209672 0.204505 0.209578 0.222845 0.242583 0.267325 0.295801 0.326899 0.359638 0.393149 0.426663 0.459504 0.491091 0.520937 0.54866 0.573988 0.596775 0.617019 0.634878 0.650701 0.665056 0.678773 0.692989 0.709207 0.729372 0.75595 0.792035 0.841454 0.908894 1.00002 1.12155 1.28135 1.48836 1.75259 2.08542 2.50102 3.02132 
3.41762 2.57113 1.98485 1.5203 1.15548 0.871317 0.651998 0.484723 0.359275 0.267535 0.203059 0.160713 0.136384 0.126747 0.129084 0.141139 0.161013 0.187081 0.217927 0.252303 0.289095 0.327301 0.366015 0.404422 0.441793 0.477489 0.510961 0.541762 0.569554 0.594122 0.61539 0.633439 0.648532 0.661139 0.67197 0.68202 0.69261 0.705453 0.722711 0.747076 0.781844 0.83098 0.899162 0.991748 1.11462 1.27379 1.47471 1.72142 2.01629 2.36392 
2.78005 2.07554 1.58239 1.18881 0.878794 0.637186 0.451068 0.309898 0.205215 0.130258 0.0796279 0.0489843 0.0348139 0.0342368 0.0448591 0.0646564 0.0918868 0.125024 0.162707 0.203708 0.246907 0.291273 0.335859 0.379797 0.422297 0.462653 0.500247 0.534558 0.565175 0.591807 0.614298 0.632644 0.647016 0.657779 0.66552 0.671083 0.675606 0.680561 0.687809 0.699641 0.718832 0.748655 0.792863 0.855549 0.940815 1.05205 1.19055 1.35325 1.52981 1.703 
2.12532 1.55862 1.15717 0.83564 0.582263 0.38504 0.23375 0.120082 0.0373643 -0.0197582 -0.0556005 -0.0736709 -0.076857 -0.0675726 -0.0478727 -0.0195418 0.0158396 0.0568453 0.102168 0.150595 0.200992 0.252295 0.303506 0.353694 0.402 0.447642 0.489922 0.528238 0.562098 0.591125 0.615077 0.63386 0.647545 0.656386 0.660846 0.661613 0.659638 0.656155 0.652723 0.651245 0.653992 0.663589 0.682942 0.715031 0.762453 0.826456 0.904998 0.988994 1.05563 1.06066 
1.47198 1.02674 0.712919 0.463865 0.268506 0.117068 0.00183211 -0.0832794 -0.143113 -0.181576 -0.201865 -0.20663 -0.198111 -0.178242 -0.148728 -0.111108 -0.0668009 -0.0171335 0.0366355 0.0933027 0.151713 0.21076 0.269385 0.326585 0.38142 0.433021 0.480603 0.523473 0.561046 0.592854 0.61856 0.637973 0.65106 0.657961 0.659004 0.654725 0.645884 0.633481 0.618776 0.603298 0.588839 0.577422 0.571198 0.572205 0.581865 0.599911 0.622147 0.635679 0.608261 0.464951 
0.84773 0.480224 0.248719 0.0725188 -0.0639155 -0.168726 -0.247103 -0.30284 -0.338919 -0.357787 -0.361505 -0.351863 -0.330452 -0.29873 -0.258061 -0.209751 -0.155069 -0.0952586 -0.0315486 0.0348485 0.102738 0.170948 0.238341 0.303823 0.366354 0.424963 0.478758 0.526944 0.568831 0.603849 0.631561 0.651671 0.664041 0.668695 0.665834 0.655845 0.639306 0.616995 0.589896 0.559187 0.526227 0.492503 0.459522 0.428582 0.400298 0.373617 0.343684 0.297068 0.200428 -0.0398548 
0.267651 -0.0795078 -0.212215 -0.307136 -0.380332 -0.436455 -0.477398 -0.504298 -0.518053 -0.51948 -0.509376 -0.488548 -0.457835 -0.418119 -0.370333 -0.31546 -0.254539 -0.188654 -0.11893 -0.0465195 0.0274034 0.101662 0.175089 0.246541 0.314918 0.379173 0.438332 0.491507 0.537908 0.57686 0.607809 0.630336 0.644165 0.649166 0.645365 0.632941 0.612229 0.583713 0.548019 0.505892 0.458163 0.405691 0.349255 0.289358 0.225846 0.157141 0.0785666 -0.0215692 -0.171002 -0.416152 
