2.5 2.5 2.5 2.5 2.5 2.5 2.5 2.5 2.5 2.5 2.5 2.5 2.5 2.5 2.5 2.5 2.5 2.5 2.5 2.5 2.5 2.5 2.5 2.5 2.5 2.5 2.5 2.5 2.5 2.5 2.5 2.5 2.5 2.5 2.5 2.5 2.5 2.5 2.5 2.5 2.5 2.5 2.5 2.5 2.5 2.5 2.5 2.5 2.5 2.5 2.5 2.5 2.5 2.5 2.5 2.5 2.5 2.5 2.5 2.5 2.5 2.5 2.5 2.5 2.5 2.5 2.5 2.5 2.5 2.5 
2.5 2.4985 2.49701 2.49553 2.49405 2.49259 2.49113 2.48971 2.48829 2.48691 2.48555 2.48423 2.48293 2.48168 2.48045 2.47928 2.47814 2.47705 2.476 2.47501 2.47407 2.47318 2.47235 2.47158 2.47086 2.47021 2.46961 2.46908 2.46861 2.46821 2.46787 2.46761 2.4674 2.46727 2.4672 2.4672 2.46727 2.4674 2.46761 2.46787 2.46821 2.46861 2.46908 2.46961 2.47021 2.47086 2.47158 2.47235 2.47318 2.47407 2.47501 2.476 2.47705 2.47814 2.47928 2.48045 2.48168 2.48293 2.48423 2.48555 2.48691 2.48829 2.48971 2.49113 2.49259 2.49405 2.49553 2.49701 2.4985 2.5 
2.5 2.49701 2.49403 2.49106 2.48811 2.48519 2.48229 2.47944 2.47662 2.47386 2.47114 2.4685 2.46591 2.4634 2.46095 2.45861 2.45633 2.45416 2.45206 2.45009 2.4482 2.44644 2.44477 2.44323 2.44179 2.44049 2.4393 2.43824 2.4373 2.43651 2.43583 2.4353 2.43489 2.43462 2.43448 2.43448 2.43462 2.43489 2.4353 2.43583 2.43651 2.4373 2.43824 2.4393 2.44049 2.44179 2.44323 2.44477 2.44644 2.4482 2.45009 2.45206 2.45416 2.45633 2.45861 2.46095 2.4634 2.46591 2.4685 2.47114 2.47386 2.47662 2.47944 2.48229 2.48519 2.48811 2.49106 2.49403 2.49701 2.5 
2.5 2.49552 2.49105 2.48661 2.48218 2.47781 2.47346 2.46919 2.46496 2.46083 2.45675 2.4528 2.44891 2.44516 2.44149 2.43797 2.43456 2.43131 2.42817 2.42521 2.42238 2.41974 2.41723 2.41493 2.41277 2.41082 2.40903 2.40746 2.40605 2.40485 2.40384 2.40304 2.40243 2.40203 2.40182 2.40182 2.40203 2.40243 2.40304 2.40384 2.40485 2.40605 2.40746 2.40903 2.41082 2.41277 2.41493 2.41723 2.41974 2.42238 2.42521 2.42817 2.43131 2.43456 2.43797 2.44149 2.44516 2.44891 2.4528 2.45675 2.46083 2.46496 2.46919 2.47346 2.47781 2.48218 2.48661 2.49105 2.49552 2.5 
2.5 2.49405 2.4881 2.48219 2.4763 2.47048 2.4647 2.45902 2.45339 2.4479 2.44248 2.43721 2.43204 2.42705 2.42217 2.4175 2.41295 2.40863 2.40445 2.40052 2.39675 2.39324 2.38991 2.38684 2.38397 2.38138 2.379 2.3769 2.37503 2.37344 2.3721 2.37103 2.37022 2.36968 2.36941 2.36941 2.36968 2.37022 2.37103 2.3721 2.37344 2.37503 2.3769 2.379 2.38138 2.38397 2.38684 2.38991 2.39324 2.39675 2.40052 2.40445 2.40863 2.41295 2.4175 2.42217 2.42705 2.43204 2.43721 2.44248 2.4479 2.45339 2.45902 2.4647 2.47048 2.4763 2.48219 2.4881 2.49405 2.5 
2.5 2.49257 2.48516 2.47778 2.47044 2.46318 2.45597 2.44888 2.44186 2.43501 2.42825 2.42168 2.41523 2.409 2.40292 2.39709 2.39142 2.38603 2.38082 2.37591 2.37121 2.36683 2.36267 2.35885 2.35527 2.35204 2.34907 2.34645 2.34412 2.34214 2.34046 2.33913 2.33811 2.33745 2.33711 2.33711 2.33745 2.33811 2.33913 2.34046 2.34214 2.34412 2.34645 2.34907 2.35204 2.35527 2.35885 2.36267 2.36683 2.37121 2.37591 2.38082 2.38603 2.39142 2.39709 2.40292 2.409 2.41523 2.42168 2.42825 2.43501 2.44186 2.44888 2.45597 2.46318 2.47044 2.47778 2.48516 2.49257 2.5 
2.5 2.49112 2.48225 2.47343 2.46465 2.45597 2.44735 2.43887 2.43049 2.42229 2.4142 2.40635 2.39864 2.39119 2.38392 2.37694 2.37016 2.36372 2.35749 2.35162 2.346 2.34076 2.33579 2.33122 2.32694 2.32308 2.31953 2.3164 2.31361 2.31124 2.30923 2.30764 2.30643 2.30563 2.30522 2.30522 2.30563 2.30643 2.30764 2.30923 2.31124 2.31361 2.3164 2.31953 2.32308 2.32694 2.33122 2.33579 2.34076 2.346 2.35162 2.35749 2.36372 2.37016 2.37694 2.38392 2.39119 2.39864 2.40635 2.4142 2.42229 2.43049 2.43887 2.44735 2.45597 2.46465 2.47343 2.48225 2.49112 2.5 
2.5 2.48967 2.47936 2.46911 2.45889 2.4488 2.43877 2.42892 2.41916 2.40963 2.40023 2.39109 2.38213 2.37347 2.36501 2.3569 2.34901 2.34152 2.33428 2.32745 2.32092 2.31482 2.30904 2.30373 2.29875 2.29426 2.29013 2.28649 2.28325 2.28049 2.27815 2.2763 2.27489 2.27397 2.27349 2.27349 2.27397 2.27489 2.2763 2.27815 2.28049 2.28325 2.28649 2.29013 2.29426 2.29875 2.30373 2.30904 2.31482 2.32092 2.32745 2.33428 2.34152 2.34901 2.3569 2.36501 2.37347 2.38213 2.39109 2.40023 2.40963 2.41916 2.42892 2.43877 2.4488 2.45889 2.46911 2.47936 2.48967 2.5 
2.5 2.48825 2.47652 2.46486 2.45325 2.44176 2.43036 2.41915 2.40805 2.39721 2.38651 2.37613 2.36592 2.35608 2.34645 2.33723 2.32826 2.31973 2.3115 2.30374 2.2963 2.28937 2.2828 2.27675 2.27109 2.26598 2.26129 2.25715 2.25345 2.25032 2.24766 2.24556 2.24395 2.2429 2.24236 2.24236 2.2429 2.24395 2.24556 2.24766 2.25032 2.25345 2.25715 2.26129 2.26598 2.27109 2.27675 2.2828 2.28937 2.2963 2.30374 2.3115 2.31973 2.32826 2.33723 2.34645 2.35608 2.36592 2.37613 2.38651 2.39721 2.40805 2.41915 2.43036 2.44176 2.45325 2.46486 2.47652 2.48825 2.5 
2.5 2.48684 2.47371 2.46064 2.44763 2.43477 2.42199 2.40944 2.39701 2.38486 2.37289 2.36125 2.34982 2.3388 2.32801 2.31768 2.30764 2.29809 2.28886 2.28017 2.27184 2.26408 2.25671 2.24994 2.24361 2.23788 2.23262 2.22798 2.22385 2.22034 2.21736 2.215 2.21321 2.21202 2.21142 2.21142 2.21202 2.21321 2.215 2.21736 2.22034 2.22385 2.22798 2.23262 2.23788 2.24361 2.24994 2.25671 2.26408 2.27184 2.28017 2.28886 2.29809 2.30764 2.31768 2.32801 2.3388 2.34982 2.36125 2.37289 2.38486 2.39701 2.40944 2.42199 2.43477 2.44763 2.46064 2.47371 2.48684 2.5 
2.5 2.48547 2.47096 2.45653 2.44216 2.42795 2.41384 2.39997 2.38625 2.37283 2.3596 2.34675 2.33413 2.32195 2.31004 2.29863 2.28753 2.27698 2.26679 2.25719 2.24799 2.23942 2.23129 2.22381 2.21681 2.21048 2.20467 2.19955 2.19498 2.19111 2.18782 2.18522 2.18323 2.18193 2.18126 2.18126 2.18193 2.18323 2.18522 2.18782 2.19111 2.19498 2.19955 2.20467 2.21048 2.21681 2.22381 2.23129 2.23942 2.24799 2.25719 2.26679 2.27698 2.28753 2.29863 2.31004 2.32195 2.33413 2.34675 2.3596 2.37283 2.38625 2.39997 2.41384 2.42795 2.44216 2.45653 2.47096 2.48547 2.5 
2.5 2.4841 2.46823 2.45244 2.43672 2.42118 2.40575 2.39058 2.37556 2.36089 2.34642 2.33236 2.31855 2.30522 2.2922 2.27972 2.26758 2.25604 2.24489 2.23439 2.22433 2.21495 2.20605 2.19787 2.19021 2.18329 2.17694 2.17133 2.16634 2.1621 2.1585 2.15565 2.15348 2.15205 2.15133 2.15133 2.15205 2.15348 2.15565 2.1585 2.1621 2.16634 2.17133 2.17694 2.18329 2.19021 2.19787 2.20605 2.21495 2.22433 2.23439 2.24489 2.25604 2.26758 2.27972 2.2922 2.30522 2.31855 2.33236 2.34642 2.36089 2.37556 2.39058 2.40575 2.42118 2.43672 2.45244 2.46823 2.4841 2.5 
2.5 2.48278 2.46559 2.44849 2.43147 2.41463 2.39792 2.38148 2.36522 2.34933 2.33365 2.31843 2.30347 2.28904 2.27493 2.26141 2.24827 2.23577 2.22369 2.21232 2.20142 2.19126 2.18162 2.17276 2.16447 2.15697 2.15009 2.14402 2.13861 2.13402 2.13012 2.12704 2.12469 2.12314 2.12236 2.12236 2.12314 2.12469 2.12704 2.13012 2.13402 2.13861 2.14402 2.15009 2.15697 2.16447 2.17276 2.18162 2.19126 2.20142 2.21232 2.22369 2.23577 2.24827 2.26141 2.27493 2.28904 2.30347 2.31843 2.33365 2.34933 2.36522 2.38148 2.39792 2.41463 2.43147 2.44849 2.46559 2.48278 2.5 
2.5 2.48147 2.46297 2.44457 2.42625 2.40814 2.39015 2.37247 2.35497 2.33787 2.321 2.30462 2.28853 2.273 2.25781 2.24327 2.22912 2.21567 2.20268 2.19044 2.17871 2.16778 2.15741 2.14787 2.13895 2.13089 2.12348 2.11695 2.11113 2.10619 2.10199 2.09868 2.09615 2.09448 2.09363 2.09363 2.09448 2.09615 2.09868 2.10199 2.10619 2.11113 2.11695 2.12348 2.13089 2.13895 2.14787 2.15741 2.16778 2.17871 2.19044 2.20268 2.21567 2.22912 2.24327 2.25781 2.273 2.28853 2.30462 2.321 2.33787 2.35497 2.37247 2.39015 2.40814 2.42625 2.44457 2.46297 2.48147 2.5 
2.5 2.48022 2.46046 2.44081 2.42125 2.40191 2.3827 2.36382 2.34513 2.32687 2.30886 2.29136 2.27418 2.2576 2.24138 2.22585 2.21074 2.19638 2.18251 2.16944 2.15692 2.14524 2.13417 2.12399 2.11446 2.10584 2.09794 2.09097 2.08475 2.07947 2.07499 2.07145 2.06875 2.06697 2.06607 2.06607 2.06697 2.06875 2.07145 2.07499 2.07947 2.08475 2.09097 2.09794 2.10584 2.11446 2.12399 2.13417 2.14524 2.15692 2.16944 2.18251 2.19638 2.21074 2.22585 2.24138 2.2576 2.27418 2.29136 2.30886 2.32687 2.34513 2.36382 2.3827 2.40191 2.42125 2.44081 2.46046 2.48022 2.5 
2.5 2.47897 2.45797 2.43709 2.4163 2.39573 2.37532 2.35525 2.33539 2.31597 2.29683 2.27823 2.25997 2.24234 2.22511 2.2086 2.19254 2.17728 2.16253 2.14864 2.13533 2.12292 2.11115 2.10033 2.0902 2.08104 2.07264 2.06523 2.05862 2.05301 2.04825 2.04448 2.04161 2.03972 2.03876 2.03876 2.03972 2.04161 2.04448 2.04825 2.05301 2.05862 2.06523 2.07264 2.08104 2.0902 2.10033 2.11115 2.12292 2.13533 2.14864 2.16253 2.17728 2.19254 2.2086 2.22511 2.24234 2.25997 2.27823 2.29683 2.31597 2.33539 2.35525 2.37532 2.39573 2.4163 2.43709 2.45797 2.47897 2.5 
2.5 2.47779 2.45561 2.43355 2.41159 2.38987 2.36831 2.3471 2.32613 2.30562 2.2854 2.26576 2.24647 2.22785 2.20965 2.1922 2.17524 2.15912 2.14355 2.12887 2.11481 2.1017 2.08927 2.07784 2.06714 2.05747 2.0486 2.04077 2.03379 2.02786 2.02283 2.01885 2.01582 2.01383 2.01281 2.01281 2.01383 2.01582 2.01885 2.02283 2.02786 2.03379 2.04077 2.0486 2.05747 2.06714 2.07784 2.08927 2.1017 2.11481 2.12887 2.14355 2.15912 2.17524 2.1922 2.20965 2.22785 2.24647 2.26576 2.2854 2.30562 2.32613 2.3471 2.36831 2.38987 2.41159 2.43355 2.45561 2.47779 2.5 
2.5 2.47662 2.45327 2.43005 2.40693 2.38406 2.36136 2.33904 2.31696 2.29537 2.27409 2.25341 2.2331 2.2135 2.19434 2.17598 2.15812 2.14115 2.12475 2.10931 2.0945 2.08071 2.06762 2.05558 2.04432 2.03414 2.0248 2.01656 2.00921 2.00297 1.99768 1.99349 1.9903 1.98819 1.98713 1.98713 1.98819 1.9903 1.99349 1.99768 2.00297 2.00921 2.01656 2.0248 2.03414 2.04432 2.05558 2.06762 2.08071 2.0945 2.10931 2.12475 2.14115 2.15812 2.17598 2.19434 2.2135 2.2331 2.25341 2.27409 2.29537 2.31696 2.33904 2.36136 2.38406 2.40693 2.43005 2.45327 2.47662 2.5 
2.5 2.47552 2.45107 2.42676 2.40255 2.37861 2.35484 2.33147 2.30835 2.28574 2.26346 2.2418 2.22054 2.20002 2.17996 2.16073 2.14204 2.12427 2.1071 2.09092 2.07542 2.06098 2.04728 2.03467 2.02288 2.01222 2.00244 1.99381 1.98612 1.97958 1.97404 1.96966 1.96631 1.96411 1.963 1.963 1.96411 1.96631 1.96966 1.97404 1.97958 1.98612 1.99381 2.00244 2.01222 2.02288 2.03467 2.04728 2.06098 2.07542 2.09092 2.1071 2.12427 2.14204 2.16073 2.17996 2.20002 2.22054 2.2418 2.26346 2.28574 2.30835 2.33147 2.35484 2.37861 2.40255 2.42676 2.45107 2.47552 2.5 
2.5 2.47443 2.44889 2.4235 2.39821 2.37321 2.34839 2.32398 2.29983 2.27622 2.25294 2.23033 2.20812 2.18668 2.16573 2.14565 2.12612 2.10756 2.08963 2.07274 2.05655 2.04146 2.02715 2.01399 2.00167 1.99054 1.98032 1.97131 1.96327 1.95645 1.95066 1.94608 1.94259 1.94029 1.93912 1.93912 1.94029 1.94259 1.94608 1.95066 1.95645 1.96327 1.97131 1.98032 1.99054 2.00167 2.01399 2.02715 2.04146 2.05655 2.07274 2.08963 2.10756 2.12612 2.14565 2.16573 2.18668 2.20812 2.23033 2.25294 2.27622 2.29983 2.32398 2.34839 2.37321 2.39821 2.4235 2.44889 2.47443 2.5 
2.5 2.47342 2.44688 2.42048 2.3942 2.36821 2.34241 2.31704 2.29194 2.2674 2.2432 2.2197 2.19661 2.17433 2.15255 2.13168 2.11139 2.09209 2.07346 2.0559 2.03907 2.02339 2.00851 1.99483 1.98203 1.97045 1.95983 1.95046 1.94211 1.93502 1.929 1.92424 1.92062 1.91823 1.91701 1.91701 1.91823 1.92062 1.92424 1.929 1.93502 1.94211 1.95046 1.95983 1.97045 1.98203 1.99483 2.00851 2.02339 2.03907 2.0559 2.07346 2.09209 2.11139 2.13168 2.15255 2.17433 2.19661 2.2197 2.2432 2.2674 2.29194 2.31704 2.34241 2.36821 2.3942 2.42048 2.44688 2.47342 2.5 
2.5 2.47242 2.44489 2.4175 2.39023 2.36327 2.3365 2.31018 2.28413 2.25867 2.23357 2.20918 2.18523 2.16211 2.13952 2.11786 2.09681 2.07679 2.05745 2.03923 2.02177 2.0055 1.99007 1.97587 1.96259 1.95059 1.93957 1.92985 1.92118 1.91382 1.90758 1.90264 1.89888 1.8964 1.89514 1.89514 1.8964 1.89888 1.90264 1.90758 1.91382 1.92118 1.92985 1.93957 1.95059 1.96259 1.97587 1.99007 2.0055 2.02177 2.03923 2.05745 2.07679 2.09681 2.11786 2.13952 2.16211 2.18523 2.20918 2.23357 2.25867 2.28413 2.31018 2.3365 2.36327 2.39023 2.4175 2.44489 2.47242 2.5 
2.5 2.47152 2.44307 2.41479 2.38662 2.35877 2.33112 2.30393 2.27703 2.25073 2.2248 2.19961 2.17487 2.151 2.12766 2.10529 2.08354 2.06286 2.04289 2.02407 2.00604 1.98923 1.97329 1.95863 1.94491 1.93251 1.92113 1.91109 1.90214 1.89454 1.88809 1.88299 1.8791 1.87654 1.87524 1.87524 1.87654 1.8791 1.88299 1.88809 1.89454 1.90214 1.91109 1.92113 1.93251 1.94491 1.95863 1.97329 1.98923 2.00604 2.02407 2.04289 2.06286 2.08354 2.10529 2.12766 2.151 2.17487 2.19961 2.2248 2.25073 2.27703 2.30393 2.33112 2.35877 2.38662 2.41479 2.44307 2.47152 2.5 
2.5 2.47062 2.44128 2.4121 2.38305 2.35431 2.32579 2.29775 2.27 2.24287 2.21613 2.19014 2.16462 2.13999 2.11592 2.09284 2.07041 2.04908 2.02848 2.00907 1.99047 1.97313 1.95669 1.94156 1.92741 1.91462 1.90288 1.89252 1.88329 1.87545 1.8688 1.86354 1.85952 1.85688 1.85554 1.85554 1.85688 1.85952 1.86354 1.8688 1.87545 1.88329 1.89252 1.90288 1.91462 1.92741 1.94156 1.95669 1.97313 1.99047 2.00907 2.02848 2.04908 2.07041 2.09284 2.11592 2.13999 2.16462 2.19014 2.21613 2.24287 2.27 2.29775 2.32579 2.35431 2.38305 2.4121 2.44128 2.47062 2.5 
2.5 2.46982 2.43968 2.40971 2.37987 2.35036 2.32106 2.29225 2.26375 2.23589 2.20841 2.18172 2.15551 2.13021 2.10548 2.08178 2.05874 2.03683 2.01567 1.99573 1.97662 1.95882 1.94192 1.92639 1.91185 1.89871 1.88665 1.87602 1.86653 1.85848 1.85165 1.84624 1.84212 1.83941 1.83803 1.83803 1.83941 1.84212 1.84624 1.85165 1.85848 1.86653 1.87602 1.88665 1.89871 1.91185 1.92639 1.94192 1.95882 1.97662 1.99573 2.01567 2.03683 2.05874 2.08178 2.10548 2.13021 2.15551 2.18172 2.20841 2.23589 2.26375 2.29225 2.32106 2.35036 2.37987 2.40971 2.43968 2.46982 2.5 
2.5 2.46903 2.4381 2.40734 2.37672 2.34643 2.31637 2.28681 2.25756 2.22896 2.20077 2.17338 2.14648 2.12052 2.09514 2.07082 2.04717 2.02469 2.00297 1.98251 1.96291 1.94463 1.9273 1.91135 1.89644 1.88295 1.87058 1.85966 1.84993 1.84166 1.83465 1.82911 1.82488 1.82209 1.82068 1.82068 1.82209 1.82488 1.82911 1.83465 1.84166 1.84993 1.85966 1.87058 1.88295 1.89644 1.91135 1.9273 1.94463 1.96291 1.98251 2.00297 2.02469 2.04717 2.07082 2.09514 2.12052 2.14648 2.17338 2.20077 2.22896 2.25756 2.28681 2.31637 2.34643 2.37672 2.40734 2.4381 2.46903 2.5 
2.5 2.46835 2.43674 2.4053 2.37401 2.34305 2.31233 2.28212 2.25222 2.223 2.19418 2.16619 2.1387 2.11217 2.08623 2.06137 2.03721 2.01423 1.99203 1.97112 1.95108 1.93241 1.91469 1.8984 1.88315 1.86937 1.85672 1.84557 1.83562 1.82717 1.82001 1.81434 1.81002 1.80717 1.80573 1.80573 1.80717 1.81002 1.81434 1.82001 1.82717 1.83562 1.84557 1.85672 1.86937 1.88315 1.8984 1.91469 1.93241 1.95108 1.97112 1.99203 2.01423 2.03721 2.06137 2.08623 2.11217 2.1387 2.16619 2.19418 2.223 2.25222 2.28212 2.31233 2.34305 2.37401 2.4053 2.43674 2.46835 2.5 
2.5 2.46767 2.43539 2.40328 2.37131 2.3397 2.30832 2.27746 2.24692 2.21707 2.18764 2.15905 2.13097 2.10387 2.07738 2.05199 2.02731 2.00384 1.98117 1.95981 1.93935 1.92027 1.90217 1.88553 1.86996 1.85589 1.84297 1.83157 1.82141 1.81278 1.80547 1.79968 1.79526 1.79236 1.79088 1.79088 1.79236 1.79526 1.79968 1.80547 1.81278 1.82141 1.83157 1.84297 1.85589 1.86996 1.88553 1.90217 1.92027 1.93935 1.95981 1.98117 2.00384 2.02731 2.05199 2.07738 2.10387 2.13097 2.15905 2.18764 2.21707 2.24692 2.27746 2.30832 2.3397 2.37131 2.40328 2.43539 2.46767 2.5 
2.5 2.46711 2.43427 2.40161 2.36909 2.33693 2.30501 2.27361 2.24255 2.21219 2.18225 2.15316 2.1246 2.09703 2.07008 2.04426 2.01915 1.99527 1.97221 1.95049 1.92967 1.91026 1.89185 1.87492 1.85908 1.84477 1.83162 1.82003 1.8097 1.80092 1.79348 1.78759 1.7831 1.78014 1.77864 1.77864 1.78014 1.7831 1.78759 1.79348 1.80092 1.8097 1.82003 1.83162 1.84477 1.85908 1.87492 1.89185 1.91026 1.92967 1.95049 1.97221 1.99527 2.01915 2.04426 2.07008 2.09703 2.1246 2.15316 2.18225 2.21219 2.24255 2.27361 2.30501 2.33693 2.36909 2.40161 2.43427 2.46711 2.5 
2.5 2.46656 2.43316 2.39995 2.36688 2.33417 2.30171 2.26979 2.2382 2.20732 2.17688 2.1473 2.11825 2.09022 2.06281 2.03655 2.01102 1.98674 1.96329 1.94119 1.92002 1.90029 1.88157 1.86435 1.84825 1.83368 1.82032 1.80853 1.79802 1.7891 1.78153 1.77554 1.77097 1.76797 1.76644 1.76644 1.76797 1.77097 1.77554 1.78153 1.7891 1.79802 1.80853 1.82032 1.83368 1.84825 1.86435 1.88157 1.90029 1.92002 1.94119 1.96329 1.98674 2.01102 2.03655 2.06281 2.09022 2.11825 2.1473 2.17688 2.20732 2.2382 2.26979 2.30171 2.33417 2.36688 2.39995 2.43316 2.46656 2.5 
2.5 2.46613 2.4323 2.39866 2.36517 2.33205 2.29917 2.26684 2.23485 2.20357 2.17274 2.14278 2.11336 2.08497 2.05721 2.03061 2.00475 1.98016 1.95641 1.93403 1.91259 1.8926 1.87365 1.85621 1.8399 1.82515 1.81162 1.79967 1.78903 1.77999 1.77233 1.76626 1.76163 1.75859 1.75704 1.75704 1.75859 1.76163 1.76626 1.77233 1.77999 1.78903 1.79967 1.81162 1.82515 1.8399 1.85621 1.87365 1.8926 1.91259 1.93403 1.95641 1.98016 2.00475 2.03061 2.05721 2.08497 2.11336 2.14278 2.17274 2.20357 2.23485 2.26684 2.29917 2.33205 2.36517 2.39866 2.4323 2.46613 2.5 
2.5 2.4657 2.43144 2.39738 2.36346 2.32992 2.29662 2.26388 2.23148 2.19981 2.16859 2.13825 2.10846 2.07971 2.0516 2.02466 1.99847 1.97357 1.94952 1.92686 1.90514 1.8849 1.86571 1.84805 1.83153 1.81659 1.80289 1.79079 1.78002 1.77086 1.7631 1.75696 1.75227 1.74919 1.74762 1.74762 1.74919 1.75227 1.75696 1.7631 1.77086 1.78002 1.79079 1.80289 1.81659 1.83153 1.84805 1.86571 1.8849 1.90514 1.92686 1.94952 1.97357 1.99847 2.02466 2.0516 2.07971 2.10846 2.13825 2.16859 2.19981 2.23148 2.26388 2.29662 2.32992 2.36346 2.39738 2.43144 2.4657 2.5 
2.5 2.4654 2.43086 2.3965 2.3623 2.32846 2.29488 2.26186 2.22919 2.19725 2.16576 2.13516 2.10511 2.07611 2.04777 2.0206 1.99419 1.96907 1.94481 1.92196 1.90006 1.87964 1.86028 1.84247 1.82581 1.81075 1.79693 1.78473 1.77386 1.76463 1.7568 1.7506 1.74588 1.74277 1.74119 1.74119 1.74277 1.74588 1.7506 1.7568 1.76463 1.77386 1.78473 1.79693 1.81075 1.82581 1.84247 1.86028 1.87964 1.90006 1.92196 1.94481 1.96907 1.99419 2.0206 2.04777 2.07611 2.10511 2.13516 2.16576 2.19725 2.22919 2.26186 2.29488 2.32846 2.3623 2.3965 2.43086 2.4654 2.5 
2.5 2.46511 2.43026 2.39561 2.36111 2.32699 2.29312 2.25981 2.22686 2.19464 2.16288 2.13202 2.10172 2.07247 2.04388 2.01647 1.98983 1.9645 1.94004 1.91698 1.8949 1.8743 1.85478 1.83681 1.82001 1.80482 1.79088 1.77858 1.76761 1.7583 1.7504 1.74416 1.73939 1.73625 1.73466 1.73466 1.73625 1.73939 1.74416 1.7504 1.7583 1.76761 1.77858 1.79088 1.80482 1.82001 1.83681 1.85478 1.8743 1.8949 1.91698 1.94004 1.9645 1.98983 2.01647 2.04388 2.07247 2.10172 2.13202 2.16288 2.19464 2.22686 2.25981 2.29312 2.32699 2.36111 2.39561 2.43026 2.46511 2.5 
2.5 2.46495 2.42996 2.39515 2.3605 2.32623 2.29221 2.25875 2.22565 2.1933 2.16139 2.1304 2.09996 2.07058 2.04186 2.01434 1.98758 1.96214 1.93757 1.91441 1.89223 1.87155 1.85193 1.83389 1.81701 1.80175 1.78775 1.7754 1.76438 1.75503 1.7471 1.74082 1.73604 1.73289 1.73129 1.73129 1.73289 1.73604 1.74082 1.7471 1.75503 1.76438 1.7754 1.78775 1.80175 1.81701 1.83389 1.85193 1.87155 1.89223 1.91441 1.93757 1.96214 1.98758 2.01434 2.04186 2.07058 2.09996 2.1304 2.16139 2.1933 2.22565 2.25875 2.29221 2.32623 2.3605 2.39515 2.42996 2.46495 2.5 
2.5 2.46479 2.42963 2.39467 2.35986 2.32543 2.29125 2.25764 2.22439 2.19188 2.15983 2.12869 2.09812 2.0686 2.03975 2.0121 1.98522 1.95966 1.93498 1.91171 1.88943 1.86865 1.84895 1.83082 1.81387 1.79854 1.78447 1.77206 1.76099 1.7516 1.74363 1.73732 1.73252 1.72935 1.72775 1.72775 1.72935 1.73252 1.73732 1.74363 1.7516 1.76099 1.77206 1.78447 1.79854 1.81387 1.83082 1.84895 1.86865 1.88943 1.91171 1.93498 1.95966 1.98522 2.0121 2.03975 2.0686 2.09812 2.12869 2.15983 2.19188 2.22439 2.25764 2.29125 2.32543 2.35986 2.39467 2.42963 2.46479 2.5 
2.5 2.46478 2.42961 2.39464 2.35981 2.32537 2.29119 2.25757 2.2243 2.19179 2.15973 2.12858 2.09799 2.06847 2.03961 2.01195 1.98506 1.95949 1.9348 1.91153 1.88924 1.86845 1.84874 1.83061 1.81365 1.79832 1.78425 1.77183 1.76076 1.75136 1.74339 1.73709 1.73228 1.72911 1.7275 1.7275 1.72911 1.73228 1.73709 1.74339 1.75136 1.76076 1.77183 1.78425 1.79832 1.81365 1.83061 1.84874 1.86845 1.88924 1.91153 1.9348 1.95949 1.98506 2.01195 2.03961 2.06847 2.09799 2.12858 2.15973 2.19179 2.2243 2.25757 2.29119 2.32537 2.35981 2.39464 2.42961 2.46478 2.5 
2.5 2.46476 2.42957 2.39457 2.35972 2.32526 2.29105 2.25741 2.22413 2.19159 2.15952 2.12835 2.09774 2.0682 2.03932 2.01164 1.98474 1.95916 1.93445 1.91116 1.88886 1.86806 1.84834 1.83019 1.81322 1.79788 1.7838 1.77137 1.7603 1.7509 1.74292 1.73661 1.7318 1.72863 1.72702 1.72702 1.72863 1.7318 1.73661 1.74292 1.7509 1.7603 1.77137 1.7838 1.79788 1.81322 1.83019 1.84834 1.86806 1.88886 1.91116 1.93445 1.95916 1.98474 2.01164 2.03932 2.0682 2.09774 2.12835 2.15952 2.19159 2.22413 2.25741 2.29105 2.32526 2.35972 2.39457 2.42957 2.46476 2.5 
2.5 2.46489 2.42984 2.39497 2.36026 2.32593 2.29185 2.25834 2.22518 2.19277 2.16081 2.12976 2.09927 2.06984 2.04107 2.0135 1.9867 1.96121 1.9366 1.9134 1.89118 1.87046 1.85082 1.83274 1.81584 1.80055 1.78652 1.77415 1.76311 1.75374 1.7458 1.73951 1.73472 1.73156 1.72996 1.72996 1.73156 1.73472 1.73951 1.7458 1.75374 1.76311 1.77415 1.78652 1.80055 1.81584 1.83274 1.85082 1.87046 1.89118 1.9134 1.9366 1.96121 1.9867 2.0135 2.04107 2.06984 2.09927 2.12976 2.16081 2.19277 2.22518 2.25834 2.29185 2.32593 2.36026 2.39497 2.42984 2.46489 2.5 
2.5 2.46501 2.43007 2.39533 2.36073 2.32652 2.29256 2.25916 2.22612 2.19381 2.16197 2.13102 2.10064 2.07131 2.04264 2.01516 1.98845 1.96305 1.93852 1.9154 1.89326 1.87261 1.85303 1.83502 1.81817 1.80294 1.78896 1.77662 1.76563 1.75629 1.74837 1.74211 1.73733 1.73419 1.73259 1.73259 1.73419 1.73733 1.74211 1.74837 1.75629 1.76563 1.77662 1.78896 1.80294 1.81817 1.83502 1.85303 1.87261 1.89326 1.9154 1.93852 1.96305 1.98845 2.01516 2.04264 2.07131 2.10064 2.13102 2.16197 2.19381 2.22612 2.25916 2.29256 2.32652 2.36073 2.39533 2.43007 2.46501 2.5 
2.5 2.46529 2.43063 2.39617 2.36185 2.32791 2.29422 2.26109 2.22831 2.19626 2.16467 2.13397 2.10383 2.07474 2.0463 2.01904 1.99255 1.96735 1.94301 1.92008 1.89811 1.87763 1.85821 1.84034 1.82363 1.80851 1.79465 1.78241 1.77151 1.76224 1.75439 1.74817 1.74343 1.74031 1.73873 1.73873 1.74031 1.74343 1.74817 1.75439 1.76224 1.77151 1.78241 1.79465 1.80851 1.82363 1.84034 1.85821 1.87763 1.89811 1.92008 1.94301 1.96735 1.99255 2.01904 2.0463 2.07474 2.10383 2.13397 2.16467 2.19626 2.22831 2.26109 2.29422 2.32791 2.36185 2.39617 2.43063 2.46529 2.5 
2.5 2.46555 2.43116 2.39695 2.3629 2.32921 2.29578 2.2629 2.23037 2.19856 2.16721 2.13675 2.10683 2.07796 2.04974 2.02268 1.99639 1.97138 1.94723 1.92447 1.90267 1.88234 1.86307 1.84533 1.82875 1.81375 1.79999 1.78784 1.77702 1.76783 1.76003 1.75386 1.74916 1.74607 1.74449 1.74449 1.74607 1.74916 1.75386 1.76003 1.76783 1.77702 1.78784 1.79999 1.81375 1.82875 1.84533 1.86307 1.88234 1.90267 1.92447 1.94723 1.97138 1.99639 2.02268 2.04974 2.07796 2.10683 2.13675 2.16721 2.19856 2.23037 2.2629 2.29578 2.32921 2.3629 2.39695 2.43116 2.46555 2.5 
2.5 2.46598 2.43201 2.39823 2.36459 2.33132 2.2983 2.26583 2.2337 2.20229 2.17132 2.14123 2.11169 2.08317 2.0553 2.02858 2.00261 1.97791 1.95406 1.93158 1.91005 1.88997 1.87094 1.85342 1.83704 1.82223 1.80864 1.79664 1.78595 1.77687 1.76918 1.76308 1.75844 1.75538 1.75383 1.75383 1.75538 1.75844 1.76308 1.76918 1.77687 1.78595 1.79664 1.80864 1.82223 1.83704 1.85342 1.87094 1.88997 1.91005 1.93158 1.95406 1.97791 2.00261 2.02858 2.0553 2.08317 2.11169 2.14123 2.17132 2.20229 2.2337 2.26583 2.2983 2.33132 2.36459 2.39823 2.43201 2.46598 2.5 
2.5 2.46639 2.43282 2.39944 2.3662 2.33333 2.30071 2.26862 2.23688 2.20584 2.17524 2.14551 2.11632 2.08814 2.0606 2.0342 2.00854 1.98414 1.96057 1.93836 1.91709 1.89725 1.87844 1.86113 1.84495 1.83031 1.81688 1.80503 1.79447 1.7855 1.77789 1.77187 1.76728 1.76426 1.76273 1.76273 1.76426 1.76728 1.77187 1.77789 1.7855 1.79447 1.80503 1.81688 1.83031 1.84495 1.86113 1.87844 1.89725 1.91709 1.93836 1.96057 1.98414 2.00854 2.0342 2.0606 2.08814 2.11632 2.14551 2.17524 2.20584 2.23688 2.26862 2.30071 2.33333 2.3662 2.39944 2.43282 2.46639 2.5 
2.5 2.46696 2.43396 2.40114 2.36847 2.33616 2.30408 2.27254 2.24133 2.21082 2.18075 2.15152 2.12282 2.09512 2.06805 2.04209 2.01687 1.99288 1.96971 1.94788 1.92696 1.90746 1.88897 1.87196 1.85605 1.84166 1.82846 1.8168 1.80642 1.7976 1.79013 1.78421 1.7797 1.77673 1.77522 1.77522 1.77673 1.7797 1.78421 1.79013 1.7976 1.80642 1.8168 1.82846 1.84166 1.85605 1.87196 1.88897 1.90746 1.92696 1.94788 1.96971 1.99288 2.01687 2.04209 2.06805 2.09512 2.12282 2.15152 2.18075 2.21082 2.24133 2.27254 2.30408 2.33616 2.36847 2.40114 2.43396 2.46696 2.5 
2.5 2.4675 2.43505 2.40278 2.37065 2.33887 2.30733 2.27631 2.24562 2.21561 2.18603 2.15729 2.12907 2.10183 2.0752 2.04968 2.02487 2.00128 1.9785 1.95702 1.93646 1.91728 1.89909 1.88236 1.86671 1.85256 1.83958 1.82812 1.81791 1.80924 1.80189 1.79607 1.79163 1.78871 1.78723 1.78723 1.78871 1.79163 1.79607 1.80189 1.80924 1.81791 1.82812 1.83958 1.85256 1.86671 1.88236 1.89909 1.91728 1.93646 1.95702 1.9785 2.00128 2.02487 2.04968 2.0752 2.10183 2.12907 2.15729 2.18603 2.21561 2.24562 2.27631 2.30733 2.33887 2.37065 2.40278 2.43505 2.4675 2.5 
2.5 2.46821 2.43647 2.4049 2.37348 2.34239 2.31154 2.2812 2.25118 2.22183 2.1929 2.16478 2.13718 2.11053 2.08449 2.05952 2.03526 2.01218 1.98989 1.96889 1.94877 1.93001 1.91223 1.89586 1.88055 1.86671 1.85401 1.84281 1.83282 1.82433 1.81714 1.81145 1.80711 1.80425 1.8028 1.8028 1.80425 1.80711 1.81145 1.81714 1.82433 1.83282 1.84281 1.85401 1.86671 1.88055 1.89586 1.91223 1.93001 1.94877 1.96889 1.98989 2.01218 2.03526 2.05952 2.08449 2.11053 2.13718 2.16478 2.1929 2.22183 2.25118 2.2812 2.31154 2.34239 2.37348 2.4049 2.43647 2.46821 2.5 
2.5 2.4689 2.43784 2.40696 2.37621 2.3458 2.31561 2.28592 2.25655 2.22783 2.19953 2.17202 2.14501 2.11894 2.09346 2.06903 2.04529 2.02271 2.00091 1.98036 1.96068 1.94232 1.92492 1.9089 1.89393 1.88039 1.86796 1.857 1.84723 1.83893 1.83189 1.82632 1.82207 1.81928 1.81786 1.81786 1.81928 1.82207 1.82632 1.83189 1.83893 1.84723 1.857 1.86796 1.88039 1.89393 1.9089 1.92492 1.94232 1.96068 1.98036 2.00091 2.02271 2.04529 2.06903 2.09346 2.11894 2.14501 2.17202 2.19953 2.22783 2.25655 2.28592 2.31561 2.3458 2.37621 2.40696 2.43784 2.4689 2.5 
2.5 2.46975 2.43954 2.40949 2.37958 2.34999 2.32063 2.29175 2.26318 2.23524 2.2077 2.18094 2.15467 2.12931 2.10452 2.08076 2.05767 2.0357 2.01449 1.9945 1.97535 1.95749 1.94057 1.92499 1.91042 1.89725 1.88516 1.87449 1.86499 1.85691 1.85007 1.84465 1.84052 1.8378 1.83642 1.83642 1.8378 1.84052 1.84465 1.85007 1.85691 1.86499 1.87449 1.88516 1.89725 1.91042 1.92499 1.94057 1.95749 1.97535 1.9945 2.01449 2.0357 2.05767 2.08076 2.10452 2.12931 2.15467 2.18094 2.2077 2.23524 2.26318 2.29175 2.32063 2.34999 2.37958 2.40949 2.43954 2.46975 2.5 
2.5 2.47057 2.44118 2.41195 2.38285 2.35406 2.3255 2.2974 2.26961 2.24243 2.21564 2.18961 2.16405 2.13937 2.11526 2.09214 2.06968 2.04831 2.02767 2.00822 1.9896 1.97222 1.95576 1.9406 1.92643 1.91361 1.90186 1.89148 1.88223 1.87437 1.86772 1.86244 1.85843 1.85578 1.85444 1.85444 1.85578 1.85843 1.86244 1.86772 1.87437 1.88223 1.89148 1.90186 1.91361 1.92643 1.9406 1.95576 1.97222 1.9896 2.00822 2.02767 2.04831 2.06968 2.09214 2.11526 2.13937 2.16405 2.18961 2.21564 2.24243 2.26961 2.2974 2.3255 2.35406 2.38285 2.41195 2.44118 2.47057 2.5 
2.5 2.47154 2.44313 2.41487 2.38673 2.35891 2.33129 2.30412 2.27725 2.25097 2.22507 2.1999 2.17519 2.15133 2.12802 2.10567 2.08395 2.06329 2.04334 2.02454 2.00653 1.98973 1.97381 1.95916 1.94546 1.93306 1.9217 1.91166 1.90272 1.89513 1.88869 1.88359 1.87971 1.87715 1.87585 1.87585 1.87715 1.87971 1.88359 1.88869 1.89513 1.90272 1.91166 1.9217 1.93306 1.94546 1.95916 1.97381 1.98973 2.00653 2.02454 2.04334 2.06329 2.08395 2.10567 2.12802 2.15133 2.17519 2.1999 2.22507 2.25097 2.27725 2.30412 2.33129 2.35891 2.38673 2.41487 2.44313 2.47154 2.5 
2.5 2.47249 2.44503 2.41771 2.39052 2.36362 2.33692 2.31067 2.28469 2.25929 2.23426 2.20993 2.18605 2.16299 2.14045 2.11885 2.09786 2.07788 2.0586 2.04043 2.02302 2.00678 1.9914 1.97723 1.96399 1.95201 1.94102 1.93132 1.92268 1.91534 1.90912 1.90419 1.90044 1.89796 1.89671 1.89671 1.89796 1.90044 1.90419 1.90912 1.91534 1.92268 1.93132 1.94102 1.95201 1.96399 1.97723 1.9914 2.00678 2.02302 2.04043 2.0586 2.07788 2.09786 2.11885 2.14045 2.16299 2.18605 2.20993 2.23426 2.25929 2.28469 2.31067 2.33692 2.36362 2.39052 2.41771 2.44503 2.47249 2.5 
2.5 2.47359 2.44723 2.421 2.39489 2.36907 2.34344 2.31823 2.2933 2.26891 2.24488 2.22152 2.19859 2.17645 2.15482 2.13408 2.11392 2.09475 2.07624 2.05879 2.04208 2.02649 2.01172 1.99812 1.98541 1.97391 1.96336 1.95405 1.94575 1.9387 1.93273 1.928 1.92439 1.92202 1.92081 1.92081 1.92202 1.92439 1.928 1.93273 1.9387 1.94575 1.95405 1.96336 1.97391 1.98541 1.99812 2.01172 2.02649 2.04208 2.05879 2.07624 2.09475 2.11392 2.13408 2.15482 2.17645 2.19859 2.22152 2.24488 2.26891 2.2933 2.31823 2.34344 2.36907 2.39489 2.421 2.44723 2.47359 2.5 
2.5 2.47467 2.44937 2.42421 2.39917 2.37439 2.34981 2.32562 2.3017 2.27831 2.25525 2.23284 2.21085 2.18961 2.16886 2.14896 2.12962 2.11123 2.09347 2.07673 2.0607 2.04574 2.03157 2.01853 2.00633 1.9953 1.98518 1.97624 1.96829 1.96153 1.95579 1.95126 1.9478 1.94552 1.94436 1.94436 1.94552 1.9478 1.95126 1.95579 1.96153 1.96829 1.97624 1.98518 1.9953 2.00633 2.01853 2.03157 2.04574 2.0607 2.07673 2.09347 2.11123 2.12962 2.14896 2.16886 2.18961 2.21085 2.23284 2.25525 2.27831 2.3017 2.32562 2.34981 2.37439 2.39917 2.42421 2.44937 2.47467 2.5 
2.5 2.47588 2.4518 2.42784 2.40399 2.38041 2.357 2.33397 2.31119 2.28892 2.26697 2.24563 2.22469 2.20447 2.18471 2.16576 2.14735 2.12984 2.11293 2.09699 2.08173 2.06749 2.054 2.04157 2.02996 2.01946 2.00982 2.00132 1.99374 1.9873 1.98185 1.97753 1.97423 1.97206 1.97096 1.97096 1.97206 1.97423 1.97753 1.98185 1.9873 1.99374 2.00132 2.00982 2.01946 2.02996 2.04157 2.054 2.06749 2.08173 2.09699 2.11293 2.12984 2.14735 2.16576 2.18471 2.20447 2.22469 2.24563 2.26697 2.28892 2.31119 2.33397 2.357 2.38041 2.40399 2.42784 2.4518 2.47588 2.5 
2.5 2.47707 2.45417 2.4314 2.40872 2.3863 2.36404 2.34215 2.3205 2.29932 2.27845 2.25816 2.23825 2.21902 2.20024 2.18223 2.16473 2.14807 2.132 2.11684 2.10233 2.0888 2.07597 2.06416 2.05312 2.04313 2.03397 2.02588 2.01868 2.01256 2.00737 2.00326 2.00013 1.99807 1.99703 1.99703 1.99807 2.00013 2.00326 2.00737 2.01256 2.01868 2.02588 2.03397 2.04313 2.05312 2.06416 2.07597 2.0888 2.10233 2.11684 2.132 2.14807 2.16473 2.18223 2.20024 2.21902 2.23825 2.25816 2.27845 2.29932 2.3205 2.34215 2.36404 2.3863 2.40872 2.4314 2.45417 2.47707 2.5 
2.5 2.47838 2.4568 2.43533 2.41396 2.39282 2.37185 2.35121 2.3308 2.31084 2.29117 2.27205 2.25328 2.23515 2.21745 2.20047 2.18397 2.16827 2.15312 2.13884 2.12516 2.1124 2.10031 2.08918 2.07877 2.06936 2.06072 2.0531 2.04631 2.04054 2.03565 2.03178 2.02883 2.02688 2.0259 2.0259 2.02688 2.02883 2.03178 2.03565 2.04054 2.04631 2.0531 2.06072 2.06936 2.07877 2.08918 2.10031 2.1124 2.12516 2.13884 2.15312 2.16827 2.18397 2.20047 2.21745 2.23515 2.25328 2.27205 2.29117 2.31084 2.3308 2.35121 2.37185 2.39282 2.41396 2.43533 2.4568 2.47838 2.5 
2.5 2.47968 2.45939 2.4392 2.41911 2.39924 2.37951 2.36011 2.34092 2.32215 2.30366 2.28568 2.26804 2.251 2.23435 2.21839 2.20288 2.18812 2.17388 2.16044 2.14759 2.13559 2.12422 2.11375 2.10397 2.09512 2.087 2.07984 2.07345 2.06803 2.06343 2.05979 2.05702 2.05519 2.05426 2.05426 2.05519 2.05702 2.05979 2.06343 2.06803 2.07345 2.07984 2.087 2.09512 2.10397 2.11375 2.12422 2.13559 2.14759 2.16044 2.17388 2.18812 2.20288 2.21839 2.23435 2.251 2.26804 2.28568 2.30366 2.32215 2.34092 2.36011 2.37951 2.39924 2.41911 2.4392 2.45939 2.47968 2.5 
2.5 2.48109 2.4622 2.44342 2.42472 2.40622 2.38786 2.36981 2.35195 2.33448 2.31727 2.30054 2.28412 2.26825 2.25276 2.2379 2.22347 2.20973 2.19648 2.18398 2.17201 2.16084 2.15026 2.14052 2.13142 2.12318 2.11563 2.10896 2.10302 2.09797 2.09369 2.0903 2.08772 2.08602 2.08515 2.08515 2.08602 2.08772 2.0903 2.09369 2.09797 2.10302 2.10896 2.11563 2.12318 2.13142 2.14052 2.15026 2.16084 2.17201 2.18398 2.19648 2.20973 2.22347 2.2379 2.25276 2.26825 2.28412 2.30054 2.31727 2.33448 2.35195 2.36981 2.38786 2.40622 2.42472 2.44342 2.4622 2.48109 2.5 
2.5 2.48247 2.46497 2.44757 2.43024 2.4131 2.39609 2.37936 2.36281 2.34662 2.33067 2.31517 2.29995 2.28525 2.2709 2.25713 2.24375 2.23102 2.21874 2.20716 2.19607 2.18572 2.17592 2.16689 2.15845 2.15082 2.14382 2.13764 2.13213 2.12745 2.12349 2.12035 2.11796 2.11638 2.11558 2.11558 2.11638 2.11796 2.12035 2.12349 2.12745 2.13213 2.13764 2.14382 2.15082 2.15845 2.16689 2.17592 2.18572 2.19607 2.20716 2.21874 2.23102 2.24375 2.25713 2.2709 2.28525 2.29995 2.31517 2.33067 2.34662 2.36281 2.37936 2.39609 2.4131 2.43024 2.44757 2.46497 2.48247 2.5 
2.5 2.48396 2.46795 2.45202 2.43616 2.42048 2.40491 2.3896 2.37446 2.35964 2.34505 2.33086 2.31694 2.30349 2.29035 2.27775 2.26551 2.25386 2.24262 2.23202 2.22188 2.2124 2.20344 2.19517 2.18745 2.18047 2.17406 2.16841 2.16337 2.15909 2.15546 2.15258 2.1504 2.14895 2.14822 2.14822 2.14895 2.1504 2.15258 2.15546 2.15909 2.16337 2.16841 2.17406 2.18047 2.18745 2.19517 2.20344 2.2124 2.22188 2.23202 2.24262 2.25386 2.26551 2.27775 2.29035 2.30349 2.31694 2.33086 2.34505 2.35964 2.37446 2.3896 2.40491 2.42048 2.43616 2.45202 2.46795 2.48396 2.5 
2.5 2.48543 2.47088 2.45641 2.44201 2.42776 2.41362 2.39971 2.38596 2.3725 2.35925 2.34636 2.33371 2.32149 2.30956 2.29811 2.287 2.27641 2.26621 2.25657 2.24736 2.23875 2.23061 2.2231 2.21609 2.20974 2.20393 2.19879 2.19421 2.19032 2.18703 2.18442 2.18243 2.18112 2.18045 2.18045 2.18112 2.18243 2.18442 2.18703 2.19032 2.19421 2.19879 2.20393 2.20974 2.21609 2.2231 2.23061 2.23875 2.24736 2.25657 2.26621 2.27641 2.287 2.29811 2.30956 2.32149 2.33371 2.34636 2.35925 2.3725 2.38596 2.39971 2.41362 2.42776 2.44201 2.45641 2.47088 2.48543 2.5 
2.5 2.48699 2.47399 2.46106 2.4482 2.43547 2.42284 2.41041 2.39813 2.3861 2.37426 2.36275 2.35145 2.34053 2.32988 2.31965 2.30972 2.30027 2.29115 2.28254 2.27431 2.26662 2.25935 2.25264 2.24638 2.24071 2.23551 2.23092 2.22684 2.22336 2.22042 2.21808 2.21631 2.21514 2.21454 2.21454 2.21514 2.21631 2.21808 2.22042 2.22336 2.22684 2.23092 2.23551 2.24071 2.24638 2.25264 2.25935 2.26662 2.27431 2.28254 2.29115 2.30027 2.30972 2.31965 2.32988 2.34053 2.35145 2.36275 2.37426 2.3861 2.39813 2.41041 2.42284 2.43547 2.4482 2.46106 2.47399 2.48699 2.5 
2.5 2.48852 2.47707 2.46567 2.45432 2.4431 2.43196 2.421 2.41017 2.39957 2.38913 2.37897 2.36901 2.35939 2.34999 2.34097 2.33222 2.32388 2.31584 2.30825 2.301 2.29422 2.2878 2.28189 2.27637 2.27136 2.26678 2.26273 2.25913 2.25607 2.25347 2.25142 2.24985 2.24882 2.24829 2.24829 2.24882 2.24985 2.25142 2.25347 2.25607 2.25913 2.26273 2.26678 2.27136 2.27637 2.28189 2.2878 2.29422 2.301 2.30825 2.31584 2.32388 2.33222 2.34097 2.34999 2.35939 2.36901 2.37897 2.38913 2.39957 2.41017 2.421 2.43196 2.4431 2.45432 2.46567 2.47707 2.48852 2.5 
2.5 2.49013 2.48028 2.47047 2.46072 2.45106 2.44148 2.43206 2.42274 2.41362 2.40465 2.39591 2.38735 2.37907 2.37099 2.36323 2.3557 2.34853 2.34162 2.33509 2.32885 2.32302 2.3175 2.31241 2.30766 2.30336 2.29942 2.29594 2.29284 2.29021 2.28797 2.2862 2.28486 2.28397 2.28352 2.28352 2.28397 2.28486 2.2862 2.28797 2.29021 2.29284 2.29594 2.29942 2.30336 2.30766 2.31241 2.3175 2.32302 2.32885 2.33509 2.34162 2.34853 2.3557 2.36323 2.37099 2.37907 2.38735 2.39591 2.40465 2.41362 2.42274 2.43206 2.44148 2.45106 2.46072 2.47047 2.48028 2.49013 2.5 
2.5 2.49172 2.48346 2.47524 2.46706 2.45896 2.45094 2.44303 2.43522 2.42757 2.42005 2.41272 2.40554 2.3986 2.39182 2.38532 2.37901 2.37299 2.3672 2.36172 2.35649 2.3516 2.34697 2.34271 2.33873 2.33512 2.33182 2.3289 2.3263 2.32409 2.32222 2.32073 2.31961 2.31886 2.31848 2.31848 2.31886 2.31961 2.32073 2.32222 2.32409 2.3263 2.3289 2.33182 2.33512 2.33873 2.34271 2.34697 2.3516 2.35649 2.36172 2.3672 2.37299 2.37901 2.38532 2.39182 2.3986 2.40554 2.41272 2.42005 2.42757 2.43522 2.44303 2.45094 2.45896 2.46706 2.47524 2.48346 2.49172 2.5 
2.5 2.49337 2.48674 2.48016 2.4736 2.46711 2.46068 2.45434 2.44808 2.44195 2.43592 2.43005 2.42429 2.41873 2.4133 2.40808 2.40303 2.3982 2.39356 2.38917 2.38498 2.38106 2.37735 2.37393 2.37075 2.36785 2.36521 2.36286 2.36078 2.35901 2.35751 2.35632 2.35542 2.35482 2.35452 2.35452 2.35482 2.35542 2.35632 2.35751 2.35901 2.36078 2.36286 2.36521 2.36785 2.37075 2.37393 2.37735 2.38106 2.38498 2.38917 2.39356 2.3982 2.40303 2.40808 2.4133 2.41873 2.42429 2.43005 2.43592 2.44195 2.44808 2.45434 2.46068 2.46711 2.4736 2.48016 2.48674 2.49337 2.5 
2.5 2.495 2.49001 2.48505 2.48011 2.47522 2.47037 2.46559 2.46088 2.45626 2.45171 2.44729 2.44295 2.43876 2.43467 2.43074 2.42693 2.42329 2.41979 2.41648 2.41333 2.41037 2.40758 2.405 2.4026 2.40042 2.39843 2.39666 2.39509 2.39376 2.39263 2.39173 2.39105 2.3906 2.39037 2.39037 2.3906 2.39105 2.39173 2.39263 2.39376 2.39509 2.39666 2.39843 2.40042 2.4026 2.405 2.40758 2.41037 2.41333 2.41648 2.41979 2.42329 2.42693 2.43074 2.43467 2.43876 2.44295 2.44729 2.45171 2.45626 2.46088 2.46559 2.47037 2.47522 2.48011 2.48505 2.49001 2.495 2.5 
2.5 2.49667 2.49334 2.49003 2.48673 2.48347 2.48024 2.47705 2.47391 2.47082 2.46779 2.46484 2.46195 2.45915 2.45642 2.4538 2.45126 2.44883 2.4465 2.44429 2.44219 2.44022 2.43836 2.43663 2.43504 2.43358 2.43225 2.43107 2.43003 2.42913 2.42838 2.42778 2.42733 2.42703 2.42688 2.42688 2.42703 2.42733 2.42778 2.42838 2.42913 2.43003 2.43107 2.43225 2.43358 2.43504 2.43663 2.43836 2.44022 2.44219 2.44429 2.4465 2.44883 2.45126 2.4538 2.45642 2.45915 2.46195 2.46484 2.46779 2.47082 2.47391 2.47705 2.48024 2.48347 2.48673 2.49003 2.49334 2.49667 2.5 
2.5 2.5 2.5 2.5 2.5 2.5 2.5 2.5 2.5 2.5 2.5 2.5 2.5 2.5 2.5 2.5 2.5 2.5 2.5 2.5 2.5 2.5 2.5 2.5 2.5 2.5 2.5 2.5 2.5 2.5 2.5 2.5 2.5 2.5 2.5 2.5 2.5 2.5 2.5 2.5 2.5 2.5 2.5 2.5 2.5 2.5 2.5 2.5 2.5 2.5 2.5 2.5 2.5 2.5 2.5 2.5 2.5 2.5 2.5 2.5 2.5 2.5 2.5 2.5 2.5 2.5 2.5 2.5 2.5 2.5 
